{
 "cells": [
  {
   "cell_type": "markdown",
   "id": "bc6a3493",
   "metadata": {},
   "source": [
    "# 1 Lineare Ausgleichsrechnung mit Hilfe der QR-Zerlegung\n",
    "\n",
    "## Einführende Fragen\n",
    "\n",
    "1. Wie lautet 𝑄,𝑅 so, dass 𝐴=𝑄·𝑅 gilt?\n",
    "\n",
    "    𝑄 ist orthogonal, und 𝑅 eine reguläre obere rechte Dreiecksmatrix\n",
    "    $$ Rx = Q^T b $$\n",
    "    \n",
    "    \n",
    "2. Welche Dimension hat 𝑄, 𝑅?\n",
    "\n",
    "    𝑄, 𝑅 weisen folgende Dimensionen auf:\n",
    "    $$ Q_{red} \\in \\mathbb{R}^{n \\times n} , R \\in \\mathbb{R}^{n \\times n} $$\n",
    "    \n",
    "    \n",
    "    \n",
    "3. Welche Dimension hat das reduzierte Problem?\n",
    "\n",
    "    Das reduzierte Problem hat die Dimensionen:\n",
    "    $$ Q_{red} \\in \\mathbb{R}^{m \\times n} , R \\in \\mathbb{R}^{n \\times n} $$\n",
    "    \n",
    "    \n",
    "4. Warum reichen die reduzierten Matrizen 𝑄, 𝑅?\n",
    "\n",
    "    Die reduzierten Matrizen reichen, weil die Nullzeilen weggelassen werden können."
   ]
  },
  {
   "cell_type": "markdown",
   "id": "3fc10d1c",
   "metadata": {},
   "source": [
    "## Implementation der QR-Zerlegung:\n",
    "Mithilfe jupyter notebook zur Householder Transformation."
   ]
  },
  {
   "cell_type": "code",
   "execution_count": 65,
   "id": "21611d70",
   "metadata": {},
   "outputs": [
    {
     "name": "stdout",
     "output_type": "stream",
     "text": [
      "[[0. 0. 0. 0. 0. 0. 0. 0. 0. 0.]\n",
      " [0. 0. 0. 0. 0. 0. 0. 0. 0. 0.]\n",
      " [0. 0. 0. 0. 0. 0. 0. 0. 0. 0.]\n",
      " [0. 0. 0. 0. 0. 0. 0. 0. 0. 0.]\n",
      " [0. 0. 0. 0. 0. 0. 0. 0. 0. 0.]\n",
      " [0. 0. 0. 0. 0. 0. 0. 0. 0. 0.]\n",
      " [0. 0. 0. 0. 0. 0. 0. 0. 0. 0.]\n",
      " [0. 0. 0. 0. 0. 0. 0. 0. 0. 0.]\n",
      " [0. 0. 0. 0. 0. 0. 0. 0. 0. 0.]\n",
      " [0. 0. 0. 0. 0. 0. 0. 0. 0. 0.]]\n",
      "[[-0.06324555 -0.37947332 -0.25298221 -0.06324555 -0.18973666 -0.44271887\n",
      "  -0.56920998 -0.25298221  0.31622777  0.25298221]\n",
      " [-0.37947332  0.86456562 -0.09028959 -0.0225724  -0.06771719 -0.15800677\n",
      "  -0.20315157 -0.09028959  0.11286198  0.09028959]\n",
      " [-0.25298221 -0.09028959  0.93980694 -0.01504826 -0.04514479 -0.10533785\n",
      "  -0.13543438 -0.06019306  0.07524132  0.06019306]\n",
      " [-0.06324555 -0.0225724  -0.01504826  0.99623793 -0.0112862  -0.02633446\n",
      "  -0.03385859 -0.01504826  0.01881033  0.01504826]\n",
      " [-0.18973666 -0.06771719 -0.04514479 -0.0112862   0.96614141 -0.07900339\n",
      "  -0.10157578 -0.04514479  0.05643099  0.04514479]\n",
      " [-0.44271887 -0.15800677 -0.10533785 -0.02633446 -0.07900339  0.81565876\n",
      "  -0.23701016 -0.10533785  0.13167231  0.10533785]\n",
      " [-0.56920998 -0.20315157 -0.13543438 -0.03385859 -0.10157578 -0.23701016\n",
      "   0.69527265 -0.13543438  0.16929297  0.13543438]\n",
      " [-0.25298221 -0.09028959 -0.06019306 -0.01504826 -0.04514479 -0.10533785\n",
      "  -0.13543438  0.93980694  0.07524132  0.06019306]\n",
      " [ 0.31622777  0.11286198  0.07524132  0.01881033  0.05643099  0.13167231\n",
      "   0.16929297  0.07524132  0.90594835 -0.07524132]\n",
      " [ 0.25298221  0.09028959  0.06019306  0.01504826  0.04514479  0.10533785\n",
      "   0.13543438  0.06019306 -0.07524132  0.93980694]]\n",
      "[[-0. -0. -0. -0. -0. -0. -0. -0.  0.  0.]\n",
      " [-0.  0. -0. -0. -0. -0. -0. -0.  0.  0.]\n",
      " [-0. -0.  0. -0. -0. -0. -0. -0.  0.  0.]\n",
      " [-0. -0. -0.  0. -0. -0. -0. -0.  0.  0.]\n",
      " [-0. -0. -0. -0.  0. -0. -0. -0.  0.  0.]\n",
      " [-0. -0. -0. -0. -0.  0. -0. -0.  0.  0.]\n",
      " [-0. -0. -0. -0. -0. -0.  0. -0.  0.  0.]\n",
      " [-0. -0. -0. -0. -0. -0. -0.  0.  0.  0.]\n",
      " [ 0.  0.  0.  0.  0.  0.  0.  0.  0. -0.]\n",
      " [ 0.  0.  0.  0.  0.  0.  0.  0. -0.  0.]]\n",
      "[[-0. -0. -0. -0. -0. -0. -0. -0.  0.  0.]\n",
      " [-0.  0. -0. -0. -0. -0. -0. -0.  0.  0.]\n",
      " [-0. -0.  0. -0. -0. -0. -0. -0.  0.  0.]\n",
      " [-0. -0. -0.  0. -0. -0. -0. -0.  0.  0.]\n",
      " [-0. -0. -0. -0.  0. -0. -0. -0.  0.  0.]\n",
      " [-0. -0. -0. -0. -0.  0. -0. -0.  0.  0.]\n",
      " [-0. -0. -0. -0. -0. -0.  0. -0.  0.  0.]\n",
      " [-0. -0. -0. -0. -0. -0. -0.  0.  0.  0.]\n",
      " [ 0.  0.  0.  0.  0.  0.  0.  0.  0. -0.]\n",
      " [ 0.  0.  0.  0.  0.  0.  0.  0. -0.  0.]]\n",
      "[[-0.40341475 -0.05472326 -0.55994158 -0.26597335 -0.12789869 -0.28379227\n",
      "  -0.11898923  0.35760095 -0.45940451]\n",
      " [-0.05472326  0.99786618 -0.02183377 -0.01037108 -0.00498715 -0.01106589\n",
      "  -0.00463974  0.01394391 -0.01791353]\n",
      " [-0.55994158 -0.02183377  0.77659165 -0.1061194  -0.05102967 -0.11322889\n",
      "  -0.04747493  0.14267745 -0.18329556]\n",
      " [-0.26597335 -0.01037108 -0.1061194   0.94959308 -0.02423919 -0.05378394\n",
      "  -0.02255069  0.06777207 -0.08706575]\n",
      " [-0.12789869 -0.00498715 -0.05102967 -0.02423919  0.98834409 -0.0258631\n",
      "  -0.01084396  0.03258958 -0.04186734]\n",
      " [-0.28379227 -0.01106589 -0.11322889 -0.05378394 -0.0258631   0.94261279\n",
      "  -0.02406147  0.07231247 -0.09289873]\n",
      " [-0.11898923 -0.00463974 -0.04747493 -0.02255069 -0.01084396 -0.02406147\n",
      "   0.98991144  0.03031938 -0.03895085]\n",
      " [ 0.35760095  0.01394391  0.14267745  0.06777207  0.03258958  0.07231247\n",
      "   0.03031938  0.90888051  0.11705983]\n",
      " [-0.45940451 -0.01791353 -0.18329556 -0.08706575 -0.04186734 -0.09289873\n",
      "  -0.03895085  0.11705983  0.84961501]]\n"
     ]
    },
    {
     "ename": "ValueError",
     "evalue": "operands could not be broadcast together with shapes (9,9) (10,10) ",
     "output_type": "error",
     "traceback": [
      "\u001b[0;31m---------------------------------------------------------------------------\u001b[0m",
      "\u001b[0;31mValueError\u001b[0m                                Traceback (most recent call last)",
      "Input \u001b[0;32mIn [65]\u001b[0m, in \u001b[0;36m<cell line: 48>\u001b[0;34m()\u001b[0m\n\u001b[1;32m     52\u001b[0m     \u001b[38;5;28mprint\u001b[39m(Q)\n\u001b[1;32m     53\u001b[0m     \u001b[38;5;28mprint\u001b[39m(Qk)\n\u001b[0;32m---> 54\u001b[0m     Q\u001b[38;5;241m=\u001b[39m \u001b[43mQk\u001b[49m\u001b[38;5;241;43m*\u001b[39;49m\u001b[43mQ\u001b[49m\n\u001b[1;32m     55\u001b[0m     \u001b[38;5;28mprint\u001b[39m(Q)\n\u001b[1;32m     57\u001b[0m \u001b[38;5;66;03m# Matrix A1 nach der Householder Transformation ausgeben\u001b[39;00m\n",
      "\u001b[0;31mValueError\u001b[0m: operands could not be broadcast together with shapes (9,9) (10,10) "
     ]
    }
   ],
   "source": [
    "import numpy as np\n",
    "from numpy.linalg import norm\n",
    "\n",
    "# Definition des Kronecker Deltas\n",
    "def mykron(x):\n",
    "    res = np.zeros([len(x),len(x)], dtype=float) # Matrix initialisieren\n",
    "    for i in range(len(x)):\n",
    "        res[:,i] = x * x[i]\n",
    "    return(res)\n",
    "\n",
    "# Definition der Householder Transformation\n",
    "def HouseholderTransformation(w):    \n",
    "    res=np.eye(len(w)) - (2* mykron(w)/(np.dot(w,w)))\n",
    "    return(res)\n",
    "\n",
    "# Neudefinition der sign funktion, weil numpy sign liefert 0 für 0\n",
    "def mysign(x): \n",
    "    if x >= 0:\n",
    "        return 1\n",
    "    else:\n",
    "        return -1\n",
    "\n",
    "# Definition der Hyperebene  𝑤 = 𝑦 + sign(𝑦1)‖𝑦‖2𝑒1\n",
    "def hyp(A,y):\n",
    "    y=A[k:,k]\n",
    "    return y+mysign(y[0])*np.linalg.norm(y)*e(len(y))\n",
    "\n",
    "# Definiton des Einheitsvektors\n",
    "def e(n):\n",
    "    return np.array([1]+[0 for k in range(n-1)])\n",
    "\n",
    "# Beispielmatrix\n",
    "A = np.array([[-1,  7, -8, -9,  6],\n",
    "       [-6, -8,  0,  3,  8],\n",
    "       [-4, -2,  8,  0, -2],\n",
    "       [-1, -9,  4, -8,  2],\n",
    "       [-3, -5, -5,  7, -4],\n",
    "       [-7, -4,  7, -1,  5],\n",
    "       [-9, -7,  6, -5, -8],\n",
    "       [-4, -3, -5,  3, -6],\n",
    "       [ 5,  7,  5, -4, -5],\n",
    "       [ 4, -6, -8, -2, -5]],dtype=float)\n",
    "m,n = A.shape\n",
    "\n",
    "# Householder Transformation an der Matrix A ausführen\n",
    "A1 = A\n",
    "Q = np.zeros([m,m], dtype=float) # Matrix Q initialisieren\n",
    "for k in range(0,n):\n",
    "    w = hyp(A1,k)\n",
    "    Qk = HouseholderTransformation(w)\n",
    "    A1[k:,k:] = Qk@A1[k:,k:]\n",
    "    print(Q)\n",
    "    print(Qk)\n",
    "    \n",
    "    Q= Qk*Q\n",
    "    print(Q)\n",
    "\n",
    "# Matrix A1 nach der Householder Transformation ausgeben\n",
    "print(np.round(A1,4))\n",
    "\n",
    "# Matrix R aus A1 rausholen\n",
    "R = A1\n",
    "for i in range(n,m):\n",
    "    R = np.delete(R,(n), axis = 0)\n",
    "print(np.round(R,4))\n",
    "\n",
    "\n",
    "# Matrix Q berechnen gemäss Formel aus Skript:  Q = (Qn · ... · Q1)T = QT1 · ... · QTn\n"
   ]
  },
  {
   "cell_type": "code",
   "execution_count": 57,
   "id": "947671d9",
   "metadata": {},
   "outputs": [],
   "source": []
  },
  {
   "cell_type": "code",
   "execution_count": null,
   "id": "f01caf9e",
   "metadata": {},
   "outputs": [],
   "source": []
  },
  {
   "cell_type": "code",
   "execution_count": null,
   "id": "f7200e4d",
   "metadata": {},
   "outputs": [],
   "source": []
  }
 ],
 "metadata": {
  "kernelspec": {
   "display_name": "Python 3 (ipykernel)",
   "language": "python",
   "name": "python3"
  },
  "language_info": {
   "codemirror_mode": {
    "name": "ipython",
    "version": 3
   },
   "file_extension": ".py",
   "mimetype": "text/x-python",
   "name": "python",
   "nbconvert_exporter": "python",
   "pygments_lexer": "ipython3",
   "version": "3.9.12"
  }
 },
 "nbformat": 4,
 "nbformat_minor": 5
}
